0.000000000000000000e+00 1.000000000000000000e+00
1.111111111111111154e-02 1.000000000000000000e+00
2.222222222222222307e-02 1.000000000000000000e+00
3.333333333333333287e-02 1.000000000000000000e+00
4.444444444444444614e-02 1.000000000000000000e+00
5.555555555555555941e-02 1.000000000000000000e+00
6.666666666666666574e-02 1.000000000000000000e+00
7.777777777777777901e-02 1.000000000000000000e+00
8.888888888888889228e-02 1.000000000000000000e+00
1.000000000000000056e-01 1.000000000000000000e+00
